&glm_setup
   sim_name = 'GLMSimulation'
   max_layers = 220
   min_layer_vol = 0.5
   min_layer_thick = 0.15
   max_layer_thick = 1
   density_model = 1
   non_avg = .true.
/
&mixing
   surface_mixing = 1
   coef_mix_conv = 0.2
   coef_wind_stir = 0.23
   coef_mix_shear = 0.51
   coef_mix_turb = 0.3
   coef_mix_KH = 0.3
   deep_mixing = 2
   coef_mix_hyp = 0.41157,
   diff = 0
/
&morphometry
   lake_name = 'Sunapee'
   latitude = 43.38083
   longitude = -72.05414
   bsn_len = 3678,
   bsn_wid = 944,
   crest_elev = 333
   bsn_vals = 67
   H = 300, 300.5, 301, 301.5, 302, 302.5, 303, 303.5, 304, 304.5, 305, 305.5, 306, 306.5, 307, 307.5, 308, 308.5, 309, 309.5, 310, 310.5, 311, 311.5, 312, 312.5, 313, 313.5, 314, 314.5, 315, 315.5, 316, 316.5, 317, 317.5, 318, 318.5, 319, 319.5, 320, 320.5, 321, 321.5, 322, 322.5, 323, 323.5, 324, 324.5, 325, 325.5, 326, 326.5, 327, 327.5, 328, 328.5, 329, 329.5, 330, 330.5, 331, 331.5, 332, 332.5, 333
   A = 15.212784727449, 38.877116525703, 64.231757738118, 153.818156688651, 6774.76013195729, 24943.8960247739, 33010.0525491502, 41316.2330103373, 51569.649916638, 62363.9658354701, 78536.8463101625, 104204.194764197, 133122.008221664, 167573.894701093, 213528.336743888, 267640.212019424, 325507.954813226, 399208.825889474, 481302.083207031, 573559.171031939, 673760.713103403, 794447.114965084, 921933.631599935, 1083922.74399664, 1277971.95505174, 1500065.08959718, 1734414.6577047, 1982166.68915711, 2228601.96957588, 2478588.59007381, 2717182.52512029, 2971088.97314966, 3255038.98070632, 3643536.31583826, 4041012.57457822, 4404248.23551552, 4786912.31285918, 5148408.64540931, 5568849.44785006, 6004956.03794126, 6457014.07797389, 6915287.38572239, 7463226.53696389, 8010080.5095615, 8609028.12799414, 9259457.50025388, 9834901.3662826, 10352414.9480692, 10831688.6599792, 11243289.1441839, 11633983.8815543, 12003448.3326828, 12347559.8329082, 12665770.7219805, 12980797.0681166, 13277350.0226652, 13569017.9830069, 13856297.9001095, 14140798.9485352, 14411939.7913513, 14684206.3802373, 14944819.9760221, 15227076.2935457, 15503355.6769809, 15773894.7696456, 16063292.6444441, 16476140.5769965
/
&time
   timefmt = 2
   start = '2006-05-30 20:00:00'
   stop = '2008-06-02 20:00:00'
   dt = 3600
   timezone = 0
   num_days = 150
/
&output
   out_dir = 'output'
   out_fn = 'output'
   nsave = 24
/
&init_profiles
   lake_depth = 33
   num_depths = 29
   the_depths = 0.5, 1, 2, 3, 4, 5, 6, 7, 8, 9, 10, 11, 12, 13, 14, 15, 16, 17, 18, 19, 20, 21, 22, 23, 24, 25, 26, 27, 28
   the_temps = 17.2, 17, 16.4, 16.3, 16.2, 13.2, 12.3, 11.7, 11.2, 10.9, 10.8, 10.5, 10.3, 9.9, 9.7, 9.7, 9.5, 9.4, 9.1, 8.8, 8.5, 8.3, 8.2, 8.2, 8.2, 8.1, 8.1, 8, 8
   the_sals = 0, 0, 0, 0, 0, 0, 0, 0, 0, 0, 0, 0, 0, 0, 0, 0, 0, 0, 0, 0, 0, 0, 0, 0, 0, 0, 0, 0, 0
/
&meteorology
   met_sw = .true.
   lw_type = 'LW_IN'
   rain_sw = .false.
   atm_stab = 0
   catchrain = .false.
   rad_mode = 1
   albedo_mode = 1
   cloud_mode = 4
   fetch_mode = 0
   subdaily = .false.
   meteo_fl = 'meteo_file.csv'
   wind_factor = 1
   sw_factor = 1
   lw_factor = 1
   at_factor = 1
   rh_factor = 1
   rain_factor = 1
   ce = 0.0013
   ch = 0.0013
   cd = 0.0013
   rain_threshold = 0.01
   runoff_coef = 0.3
/
&bird_model
   AP = 973
   Oz = 0.279
   WatVap = 1.1
   AOD500 = 0.033
   AOD380 = 0.038
   Albedo = 0.2
/
&light
   light_mode = 0
   n_bands = 4
   light_extc = 1, 0.5, 2, 4
   energy_frac = 0.51, 0.45, 0.035, 0.005
   Benthic_Imin = 10
   Kw = 0.98
/
&inflow
   num_inflows = 0
   names_of_strms = 'Riv1'
   subm_flag = .false.
   strm_hf_angle = 65
   strmbd_slope = 2
   strmbd_drag = 0.016
   inflow_factor = 1
   inflow_fl = 'inflow_file.csv'
   inflow_varnum = 3
   inflow_vars = 'FLOW','TEMP','SALT'
/
&outflow
   num_outlet = 0
   flt_off_sw = .false.
   outl_elvs = 1
   bsn_len_outl = 5
   bsn_wid_outl = 5
   outflow_fl = 'outflow.csv'
   outflow_factor = 1
   crest_width = 100
   crest_factor = 0.61
/
